166,6
170,1
158,8
159,3
160,1
160,1
157,1
156,8
160,7
162,5
162,6
163,1
163,7
165,6
166,7
165,5
166,1
163,4
160,7
167,8
165,7
161,5
161,9
163
164,3
164,3
162,7
164,6
161,6
159,3
0
162,9
161,5
0
0
160,8
0
159,5
159,3
156,3
156,6
157,1
156,2
158,1
157,5
0
0
151,6
149,2
154,7
158,1
157,4
0
0
0
0
155,6
155,8
157,1
153,6
155,3
152,2
154,8
154,9
156,4
155,1
152
156,8
161,4
158
161,7
161,3
161,3
161,5
161,5
161,6
161,8
162,5
161,3
162,2
163,3
162,1
161,2
161
160,9
162
162,7
162,5
161,1
161,5
161
160,3
158,6
158,4
157,5
158,5
157,9
158,5
158,6
158,6
159,7
160
159,9
159,5
159,2
158,9
159,4
160
160,2
159,7
159,5
159,7
158,9
158
158
158,9
159,5
159,7
159
158,7
158,7
159,4
159,2
160,6
160,6
160,2
160,4
161,2
161,6
161,7
161,8
161,7
161,8
162
162,1
162,1
162,1
161,6
161,7
162,4
164
164,2
164
163,6
163,6
163,2
163,1
164,6
165,1
163,8
163,1
163,4
163,2
162,5
162,7
162,6
163,4
163,3
162,8
163,2
163,1
162
160,5
160,5
160,5
160,1
161,3
162,3
162,3
161,3
159,2
159,2
159,1
159,3
159,4
159,1
159,1
158,5
158,2
158
160,4
161,8
162,6
162,4
162,1
161,5
162,1
161,6
160,8
159,7
159,8
158,8
159,5
159,5
159
158,6
158,4
158,6
158,2
158
157,5
157,6
158
157,7
157,7
157,9
158
158,3
158,9
159
159,1
158,9
158,7
158,3
158,8
159,1
159,3
158,5
158,5
158,6
157,8
157,5
157,3
157,7
157,8
157,6
157
156,9
157
156,7
157,4
157,9
158,2
157,8
159
159
158,8
158,6
159,4
159,5
160
160,6
160,7
161,7
161,9
161,4
159,4
159,4
158,8
158,1
158,6
158,4
169,2
229,8
282,7
353,2
420,9
482,8
536,6
590,5
654,3
711,4
765,9
829,6
874
928,3
991,7
1056,0037
1120
1 185
0
131 290 351
1383,1040
1447,80351
1514,3043
1587,6056
1755,2047
1829,1031
1905,2050
1979,5082
2049,6088
2121,6031
2192,5080
2269,8047
2345,7040
2493,1092
2499,7076
2579,0050
2660,2056
2737,2042
2816,4086
2889,0057
2961,1058
3022,20108
3092,8066
3169,7078
3252,1054
3324,9033
3398,0069
3471,3074
3546,4065
3620,8073
3691,9020
3761,50104
3835,9077
3906,4038
3976,40106
4048,7087
4123,4090
4260,9084
4268,10133
4342,2068
4415,1080
4486,1082
4561,1085
4636,60122
4887,80121
4961,00129
5034,10100
5098,40111
5271,5070
5339,70102
5499,90114
5663,60103
5825,5091
5901,10103
5907,60128
6071,7095
6138,90115
6211,40101
6286,1093
6451,0076
6526,2098
6594,10101
6674,3073
6756,0081
6831,5076
7063,70104
7071,1074
7159,7084
7242,4081
7317,0061
7391,0062
7465,0084
7542,6074
7614,0072
7687,10105
7766,0079
7947,9095
8104,0080
8110,2084
8189,7092
8276,7081
8363,2078
8449,4090
8636,9084
8833,7093
8919,6098
9005,6083
9088,5092
9387,50103
9467,0097
9544,2089
9632,7095
9718,1096
9808,6087
9903,0088
9998,6094
10097,50100
10183,8084
10364,2088
10372,3099
10469,7085
10560,3091
10650,5088
10744,2092
10840,3089
10932,0087
11009,9088
11095,2089
11181,7086
11268,6082
11344,1090
11425,1086
11516,7074
11610,8084
11713,4077
11802,5075
11901,0089
11980,3084
12085,1081
12085,1081
12085,1081
12085,1081
12085,1081
12085,1081
12085,1081
12085,1081
0
0
0
0
0
0
0
0
0
0
0
0
0
0
11023,7062
11189,5073
11374,6064
11549,0069
11566,6071
11566,6071
11566,6071
11566,6071
0
0
0
0
0
0
0
0
0
0
0
0
0
0
0
0
0
0
0
0
0
0
0
0
0
0
0
0
0
0
0
0
0
0
0
0
0
11716,7034
11716,7034
11653,0034
11653,0034
11653,0034
11637,90303
11637,90303
11637,90303
0
0
0
11726,00338
11726,00338
11726,00338
11726,00338
11710,00352
11710,00352
11710,00352
11684,30358
0
11688,90356
11688,90356
11688,90356
11688,90356
11688,90356
11715,70326
11730,80357
11730,80357
11705,60335
11705,60335
11705,60335
11705,60335
11703,30296
11698,80259
11698,80259
11698,80259
11698,80259
11711,20288
11677,60328
11677,60328
11681,90303
11718,90285
11901,50298
11901,50293
11986,30278
12005,80291
12047,20239
12069,00240
12069,00240
12069,00240
12069,00240
12069,00240
0
0
0
0
0
0
0
0
0
0
0
0
0
0
0
0
0
0
11753,60119
11753,60119
11735,30119
11729,00164
11729,00164
11729,0048
11729,0048
11629,40142
11652,70118
11684,3067
11760,20150
11806,60126
11830,90103
11868,2060
11861,7099
11861,7099
11866,0056
11866,0056
11866,0056
11896,0080
11919,9080
11987,8094
11987,8097
11987,80106
11987,80106
11987,80106
11987,80106
11987,80106
0
0
0
0
0
0
0
0
11670,5092
11529,0099
11390,7080
11248,6097
11116,2098
11001,1099
10870,10105
10733,2084
10400,7086
10269,3080
10138,8098
10002,60102
9866,5078
9739,2089
9607,9082
9492,7085
9366,5092
9235,5081
9109,5086
8982,0076
8858,5092
8742,7086
8622,0082
8502,40107
8386,30105
8269,8091
8156,5078
8044,2069
7929,8089
7814,1059
7693,6079
7579,2066
7358,8096
7348,5069
7232,7078
7118,7090
7006,3097
6890,20116
6775,9055
6663,5099
6562,10103
6453,0081
6345,1077
6235,4098
6124,70107
6012,50116
5902,40117
5795,10102
5687,8085
5582,10123
5482,0061
5378,50113
5277,70129
5176,50105
5078,10108
4983,7075
4884,9057
4699,8067
4693,5056
4602,80119
4514,0092
4427,70104
4341,50130
4256,2036
4170,00142
4095,6053
3900,10104
3731,30110
3723,9049
3637,80117
3551,0015
3465,605
3387,0025
3303,5074
3215,40101
3133,60122
3046,4014
2955,7063
2865,6097
2771,60115
2679,4098
2586,80112
2496,4080
2406,10113
2317,20129
2227,0085
2137,3085
2046,90143
1955,80108
1865,2056
1767,90115
1674,50348
1365,30195
1273,80179
1180,70134
1092,80346
1009,207
935,4
651,3
472,8
315,2
206,4
210,4
210,5
212,8
216,3
217,9
217,6
214,5
214,2
211,6
215,1
215,8
216,1
216,3
216,3
213,8
211,8
210,6
207,7
206,3
207,8
209,1
210
210,6
210,2
209,5
210
210,6
210
208,9
209,7
209,8
209,2
211,5
212,2
210,8
209,5
208,8
207,2
206,9
207,8
208,1
208,9
210,8
212
216,3
218
218,4
214
209,1
209,3
204,8
203,5
202,7
204,1
205,7
207
207,9
209
210,3
212,1
212,4
211,7
210,9
207,6
207,6
204,4
202,4
203
205,2
207,9
209,9
210,5
212,4
213,2
214,1
218,4
218,5
219,5
218
218
220,5
220,6
220,4
217,5
215,3
218,6
220,4
221,3
218,2
216,7
214,1
213,9
214,6
215,3
211,5
208,3
206,5
205,7
206
208,9
211,8
214,9
215,4
215,4
214
213,3
213,8
215,9
217,1
216,7
218,2
218,8
215,7
213,9
209,8
208,5
208,7
210,1
212,3
213,9
214,6
212,9
210,8
210,1
209,3
208,6
209,3
208,9
210,3
211,2
211,7
209,4
210,2
209,3
205,7
207,8
206,9
206
208,5
209,5
209,1
206,5
206,8
206,3
203,6
203,6
206,1
208,9
212,4
213,9
215,7
213,3
213,1
214,3
212,2
212,8
215,4
215
217,2
216,5
216,4
215,9
214
214,7
216,7
216,9
218,5
218,5
218,2
213,7
212
213,7
214,1
211,5
213,2
213,1
215,4
216
215
216,7
216,9
216,4
215,3
215,8
216,4
215,7
215,1
215,5
216,7
218,2
218,1
218,8
219,2
218,9
216,8
222,8
224,9
222,6
222,8
224,2
223,1
222,6
221,7
225,9
229
226,6
226,4
225,8
223,5
222,7
224,8
226,2
221,7
217,2
217,4
217,1
218,1
224
222,2
219,4
215,6
217,2
217,3
216,1
217,8
218,2
217,2
216,9
216,1
216,4
215,3
211,8
208,4
210,2
212,8
213,5
215,7
216,4
216,9
216,9
216
219,2
216,9
214
211,6
210,7
210,8
212,4
217,1
220,5
223,2
224,7
227,2
228,9
226,2
219,7
218,8
217,2
218,1
219,2
220,4
220,1
218,6
217,3
217,3
217,1
213,3
210,7
210,2
211,9
213
217
219,7
221,6
221,3
220,3
219,8
217,9
216,2
216,1
217,4
217,7
217,9
218
216,4
218,3
221
